finetuned balanced e1:
    F1: 0.028720075590356036
    PK: 0.5601642797945922
    WD: 0.8088669263955263

finetuned balanced e4:
    F1: 0.028747182787704176
    PK: 0.5545924373978576
    WD: 0.7586816178577791

finetuned full:
    F1: 0.02894661431105122
    PK: 0.6194039532488053
    WD: 1.669718997126459

baseline:
    F1: 0.029562334936530436
    PK: 0.595533618880171
    WD: 0.9463147418073101